w1,w2,w3,l1,l2,l3,ibias
2.7710929244928053,27.55897972840093,18.30024932904995,1.6262461761565334,1.127705579242521,1.1514419826257882,6.905719421392917e-06
23.79626541045742,47.1262096102607,30.536474653937802,0.9759905913541727,1.9999999858451813,1.3876950112080795,1.5405779984784662e-05
16.300926436581605,49.999999904323616,25.906551634291798,1.8333174980208184,1.171572448928389,1.1440299061144024,8.37587888953836e-06
50.000000793840016,12.008103352929348,34.81476637202783,1.9999999341589096,1.9106712048312606,1.2510493314487718,5.452944427575059e-06
22.503308045771814,19.333916611743536,25.56236674380024,1.141606396537481,1.296241401200201,1.4037816994238046,1.0119296657706656e-05
47.8607110909722,9.424234371510673,30.60751752906684,1.6577543740991292,1.208002210277688,1.2283280404904262,1.9999999858451814e-05
27.25962535143564,11.862725740350115,28.337068840655512,0.5514761221503298,0.8973729654732305,1.3266741579225803,8.057854184144092e-06
14.517787513238956,11.218426532973973,26.474922477947192,1.0467586006622314,1.2969527230277853,1.3685247215201883,1.4557509836207494e-05
34.50798873682046,22.97073643042095,20.885864586158377,1.4268122377970391,0.5328575324098715,1.2966405666466105,1.4889441807171938e-05
37.142891894415406,17.20341579575694,18.292694448875416,1.1979644985544682,1.357395527901394,1.2811645776516425,9.589537889632348e-06
39.75543288053035,6.777392644163456,26.389637275931825,1.5234961151867674,0.5000000141548187,1.29179685504391,1.726520021076296e-05
23.337759761653327,5.684849702086154,24.235191602685898,1.7674705626594407,1.2648751735083616,1.220060876646429,9.451913131615128e-06
33.12946005659451,39.90567887111765,22.437320920307965,1.9718269873250378,0.5471214077034192,1.0881523379912665,1.5935344139886783e-05
10.858590768215667,4.130033022221095,33.095970016965154,0.8596882141540123,0.5179751759492971,1.2308213024735493,1.9999999858451814e-05
40.27464446113574,19.088862603305586,28.99031491301729,1.5396403820148765,1.4842487575322905,1.3102016958571336,1.9999999858451814e-05
37.79653630134494,0.5000007744012827,26.76806664972536,0.6043167965260137,1.6332799188202407,0.9741966031034042,5.952638630365796e-06
46.7324082356226,29.21868965519045,15.620834989727216,0.8987019753887056,0.5000000141548187,1.2698623461410616,1.9999999858451814e-05
6.826278896461346,24.839955190773512,21.892540337994667,1.2713305448020429,1.1929624084983412,1.1774308012115278,1.6101035969338175e-05
37.153039327045626,14.77690073943025,42.51499121463313,1.9999999341589096,1.73477982935732,1.1878129768560983,6.7234395469473225e-06
50.000000793840016,43.75172086593135,19.755806299595033,1.6371390338621064,1.9999999858451813,1.3215585278989948,1.2877639481295186e-05
27.098589905676203,32.33880697327099,29.033506647213148,1.91269181219573,1.7042620041836947,1.1340139381483727,1.0127283922219743e-05
2.871752934871708,23.939177389485813,28.62229953205017,1.8658486151074078,1.0564004277845531,1.1040893161082905,1.272979110388758e-05
4.05088920619599,37.20985095911212,21.290834527852947,1.1344689811348474,1.8071361904891607,1.3173647477232098,1.9999999858451814e-05
17.311673077938345,49.999999904323616,20.922891974244184,1.4919033754064643,1.9999999858451813,1.298396639426475,5.480411680141882e-06
49.86043760683998,0.5000007744012827,23.9961569869647,0.6087129720868064,1.4971597017060136,0.6832893949823129,5.000000141548186e-06
38.30574184727332,20.972061935707373,15.589667435697523,0.9516514727711448,0.7323756075620219,1.3404707267353895,9.2670111184578e-06
20.8544967520833,32.26152100064914,25.886528263181493,0.813290067212353,1.6952270256109718,1.3191981828470547,8.682285885348256e-06
0.499999886153649,26.248326180313132,17.265049315579436,1.532887420833212,1.4024837009963176,0.732654638010104,8.417037250305228e-06
38.61267932472145,0.9823633709586517,34.01485877667022,1.986212681211781,1.5051115820423395,1.407066162658374,1.5488567829510593e-05
45.34303365094935,8.752940760162865,22.196028124114054,0.573783411909533,0.8431720827592161,1.4200822673612494,8.942863523702596e-06
27.683146293102126,35.92210093747951,20.534586294992206,0.955714873626172,0.517289407775172,1.202810336502496,1.9999999858451814e-05
31.626572728313327,22.052842154202402,23.565260186277794,1.4947107464816318,1.4392466478866495,1.2782274995530682,1.4849842347676392e-05
37.29220728121258,16.561493963076607,24.139858567618067,0.6525389699951682,1.3095321652624343,1.1971364535846587,1.662619108480215e-05
38.980103609733135,39.85214322094507,28.747816419446185,1.4629448143439594,1.6844084277088678,1.2464998281786317,1.2016266129761293e-05
37.15250525164404,33.72545271576815,22.978195443456666,0.49999992963858475,1.1570085286569418,1.3781414554232199,6.398027253229185e-06
8.850506440800185,4.533881775993937,28.946659383539284,1.9446329910317486,0.9809673982155491,1.0474082652698984,1.3993264764857707e-05
21.374628697076915,36.042740565137315,25.652828491023417,1.0894932156602883,1.6555067177375387,1.3589544813480188,1.5047320867465802e-05
19.225981601347577,49.404838502062915,27.262418971179198,1.440564581213815,1.5460617468788478,1.3543944863605646,1.4316858483104098e-05
14.243589624523743,0.5000007744012827,36.71298208105227,1.500686225201031,0.6052713072220692,1.3700240123776164,1.9945626363733585e-05
0.499999886153649,28.352509241208026,49.99999971424517,0.49999992963858475,0.5000000141548187,0.5000000658410904,1.9999999858451814e-05
33.54709765089451,29.590786700199043,25.487608236013067,1.1647608950889863,1.8964015082699233,1.1837648694283447,1.3301015650599132e-05
24.525322786674934,16.421277408642098,29.116943801773903,1.3681055996221658,0.5490081833223087,1.2565274753049425,1.1928971938911117e-05
21.37954781261788,16.63108519749904,32.540248721150334,0.9271817894060213,1.3036590803421315,1.2944454462476254,1.9999999858451814e-05
15.85243597924969,18.16184703630008,24.035707779133833,1.063293877056302,1.0075682520930083,1.447055864253468,1.4186943480633029e-05
37.305478245736964,13.633023199209736,23.638120977074284,0.8219038903965317,0.8339682874205927,1.3576025323906655,1.8979848931087156e-05
3.94567209310814,36.209934487537076,30.499174269730915,0.8715899530069026,0.6604012243254391,1.3932239275575964,1.9207739009377403e-05
50.000000793840016,18.209631756605674,20.128662357492292,1.9623758204651238,0.6026586994095608,1.1667240182932008,1.4186165028744293e-05
3.016460963060908,39.665321263749334,18.441255871553228,0.8676223928649566,1.250862836807823,1.2875261833106186,1.1461655399281552e-05
24.21120718037686,45.33336244150419,43.015097962124415,0.8772036394542356,1.3109968918326655,1.1443578516922464,1.185177586419938e-05
45.17671388258606,17.458817900394116,20.35003708412182,0.49999992963858475,1.187036632543854,1.3559747239589903,1.5610869241496546e-05
36.52173324133892,12.167770767693069,18.966446320360227,0.6301950444885415,1.2883361552113521,1.3407637413834952,8.78205927634442e-06
3.540701540749218,35.94351604934887,26.34829933871887,1.923204616820552,1.6666703113630603,1.3235928319183714,5.000000141548186e-06
8.275267198926812,23.635048792813176,25.064222608438406,1.9999999341589096,1.514256822275549,1.206840325784133,9.078525601334652e-06
32.634923270619545,41.4467696406107,26.95064568890132,0.9679858802696837,1.7101255617717266,1.2108144091719937,1.0018446332169401e-05
22.421219719572942,39.798103304982476,29.386930577159372,1.9786252581382515,1.0351916658754146,1.1337434570528586,1.3874780420939825e-05
18.33880314237992,42.95362825880484,29.49019636417776,1.3685583535474926,1.0642479676028742,1.1599207400238556,1.3937722878915712e-05
16.02423193701781,18.49050822754176,22.868553429563427,1.3682870378759566,0.816052080230298,1.3268935016206487,1.4009605691327112e-05
36.362740612695696,9.418605674989744,18.270252549336725,1.372184700492785,1.1599410779128712,1.2533705746970565,5.012415992603523e-06
37.66980114552187,35.81090266457928,28.070194476584973,0.49999992963858475,1.8506358423325362,1.4145973196151438,1.9999999858451814e-05
8.58234266714856,35.858021702934046,25.853275546891552,0.49999992963858475,1.6570625086255828,1.370198774023232,1.664850822751269e-05
33.61005466366478,42.04216102895805,25.110863008190567,0.8977918167383399,1.6475183974062744,1.2532889164265015,9.162353569643591e-06
35.48669937203074,19.391698060615962,38.297348502194744,1.9436504453944563,1.621046895523377,1.2702543061963816,1.9999999858451814e-05
26.999186399247492,45.4221268493512,32.03365352450977,1.5381664779613975,1.5895988945353394,1.1349725022080095,1.1533506394469495e-05
4.4724663519032575,31.831192756198647,24.918211261266826,1.9999999341589096,0.5349424023473687,1.222744158036799,1.0000652086246425e-05
12.346387698068488,37.88329792167133,25.483381534173496,1.1041047015931669,0.6678777296612344,1.3037170686993367,8.870937765173435e-06
9.178176606086776,43.6608746580999,25.25836399558964,1.0106813343928662,1.9999999858451813,1.4552195585035685,1.9999999858451814e-05
13.246902709767733,34.64823952008023,23.969120256066685,1.499317121069894,0.5878773590665132,1.1572392472654298,9.733352595732593e-06
1.8298936330388962,7.8342178951821,20.927315278009488,1.9999999341589096,1.2553675174435432,1.1673462910147747,5.000000141548186e-06
32.717900018897936,18.73923221766258,28.033827006579692,1.5044891242071652,1.9610764782682732,1.3160125562394913,1.9999999858451814e-05
17.474895720049354,26.73149191809813,27.68905292252922,1.0483899756581028,1.0468869210245804,1.3055338194358717,5.440076001484701e-06
1.8766248047806293,13.729318373694387,21.284109283316276,0.9618092187971032,1.002560620619444,1.1675384574936678,1.547452687453064e-05
16.599041874262156,23.789252121467996,29.049377474751566,1.456859299985978,1.9656682029867663,1.2819935613009017,1.0725316602032116e-05
40.174611371802406,14.430315965834849,28.447553905752624,0.8709590991318725,1.1257997846286227,1.2921289735018635,1.0086023831944688e-05
12.657510895649658,1.3075943623078103,16.59849926064299,1.427703208332029,1.1888489729812268,1.0065990100212798,1.1477288642215744e-05
14.442737568289436,15.83158371264167,24.531587878021917,1.5403774624379274,0.9816904053821522,1.2057289380152514,5.000000141548186e-06
30.51528660555588,35.75342658612192,22.598316443224547,1.4659743966348093,1.5310332594753766,1.358364871221354,9.821690049084682e-06
30.586085242165144,12.769377742982499,18.2089617259714,1.9999999341589096,1.6806330501909978,1.2101252598051762,1.3230306936536782e-05
16.836529106425925,6.300968799443847,26.308519630145554,0.8524666349694758,0.5000000141548187,1.3564848211034644,1.0348230141176949e-05
45.813142662814556,39.257888986026195,24.997488286072528,1.5888921797687139,1.013324986563537,1.2151842634890182,1.0725321167732344e-05
31.156550599527808,45.48917375621492,30.830564729592606,0.5881311575532282,1.9433395889544018,1.278722815072231,5.000000141548186e-06
6.403916395857323,34.29838638865329,27.686716271642613,0.8604811327061193,1.44059347238242,1.3195333970827305,1.0411582798782623e-05
35.40559486894007,49.61077996926301,16.96329533165806,0.5140921380907482,0.625530974196479,1.2765050452073177,5.0737961250329155e-06
50.000000793840016,42.36807346056398,18.35805551237987,1.4270884467946523,1.6416862004716783,1.322389059437115,1.304748670433539e-05
41.425615282334036,15.750432696063438,23.1509155322318,0.9699399009290033,1.359601495903511,1.2272123603615348,9.209928451367257e-06
49.41888246357465,42.19231468593693,26.747192667846203,1.3672146290871758,1.4137767464910935,1.319198896159894,1.9999999858451814e-05
13.390408855354629,13.341900848112937,22.882442799296328,0.8373533619867007,1.0773907922768862,1.455147085919101,1.5260870366698682e-05
23.14888851039376,21.159222483530684,29.05282633994427,0.9483786793346254,1.0260225555907048,1.2917091175646827,1.7787460957639156e-05
31.354544787102984,19.07425039469961,20.95453695206753,0.5211430928441368,0.6794088621550455,1.3533106360338425,5.459495065976031e-06
37.864891990184255,31.87902730682302,33.23865882885732,1.8694877089531374,1.7864861561453256,1.1796572717097977,1.5366975527841177e-05
32.58633518599828,7.128903379014993,28.315231493369357,0.8738322947158458,0.5000000141548187,1.3798744061674002,7.749444558072041e-06
37.206151294374784,34.56337380230227,19.725458585710555,1.0091385243191158,1.5759241372492323,1.211546353742602,5.076278724531454e-06
50.000000793840016,33.51885280691995,25.817264813822185,1.1408905443045263,1.9900448189272932,1.160245589823977,1.1729709799792328e-05
48.17302509782199,34.47034528204853,21.631393568829548,0.9195295119291476,1.7494218017009324,1.1866833461113533,1.0019327797669515e-05
0.499999886153649,36.67107107189635,3.649445714657954,1.1016293205796417,1.9822437493765972,1.2747948687588126,5.628860857328996e-06
41.077629808709425,34.48587104649873,17.545543673335168,1.0074306251218499,1.6083242864840257,1.2039825234912305,5.199960119411077e-06
34.67989031715604,9.234323786351126,29.326210447713315,0.49999992963858475,0.8761200874856467,1.3160310310420278,1.9999999858451814e-05
13.878906415496612,41.68783594584605,29.265669192480757,1.5369913093249947,1.1042865618533961,1.2453389681519638,1.5827198110742732e-05
17.261101162997612,40.089875579724165,31.774973302981543,1.5077851431097304,1.899934846604499,1.2741003552794439,1.9999999858451814e-05
2.087939786881762,18.111182379109305,30.77061886995642,1.9384356149543165,0.6831032555651356,0.8944114777981134,1.9238483293282297e-05
38.4688350165597,13.402370152898166,21.014137414115265,1.0406426849110413,1.8626616113747114,1.088455724208055,8.003209030262345e-06
