w1,w2,w3,w4,w5,l1,l2,l3,l4,l5,cc,cr,ibias
4.8605758709947935,1.2146820828624811,1.576380812567269,36.74548725542327,40.019523651979696,0.7042282368751049,0.8908735588012924,0.5000000658410905,0.5136479089269166,1.5821937282655942,1.9895928700214776e-12,13110.74063130856,1e-05
9.90006622208918,3.8157215112798326,9.191727099344632,23.62940012677588,35.26483961313542,0.5000000141548187,0.5786643446864864,0.5523544891205164,0.5746958467009219,0.7876642968907926,1.9999999263268077e-12,15857.091851891084,1e-05
21.948343176427088,15.926497357529621,22.669555472277494,41.241046961204226,32.68914811669323,1.1859954602765743,1.147023320777673,0.7696110338213275,0.5000000658410904,1.6792377151303133,1.9999999263268077e-12,12178.083990388346,1e-05
16.956119517286602,9.482609342138392,10.116601457984927,32.39714085818329,29.275606435270873,0.940046682145506,1.0137540097835638,1.0433207116421344,0.5068394234738448,0.9763158628240798,1.441056875304585e-12,23560.51116721263,1.999999974737875e-05
4.502857829473786,11.751378072754,10.107378617275339,30.975870132348845,31.801502291881416,0.9209860536576377,1.0418056286016322,0.7487213534663302,0.5000000658410904,1.2371445897222433,1.514719743819792e-12,20854.234207389087,1.999999974737875e-05
16.912338181557075,1.5573529988757464,8.740538109370426,12.627355706780614,34.02698133290866,0.5273072959999312,0.6559880929097304,0.5146657778160085,0.5257156214112427,0.7984452277660223,1.9634028896593533e-12,15197.475032641407,1.999999974737875e-05
5.106860324227924,6.828497939160215,12.57348595108329,26.224536926099255,40.93999865343392,0.5000000141548187,0.5593215821940888,0.7234299622429077,0.5000000658410904,1.103759651511551,1.935808228466082e-12,12306.451056786726,1e-05
13.420307207005484,7.452792665780734,11.946568033567981,35.650272754927315,33.87852066939928,1.001024262492992,1.0317008572295296,0.5193326128005251,0.5299970962674846,1.1120235974584058,1.9999999263268077e-12,8941.493776224,1e-05
16.837783515534902,16.88972081040966,10.74489124986799,33.120594682477595,30.26037970725641,1.116875766839234,1.2343223097615303,0.916916412278815,0.5669808262267079,1.2797077879133945,1.706720415783145e-12,19328.74490425283,1e-05
1.0000002010160856,26.286560494336946,6.500578404898224,46.456521543614734,30.562219845646823,0.9012663948776,1.38155579952683,0.6695186338280278,0.5665060452009051,1.6735167500675021,1.9999999263268077e-12,17825.82059264917,1e-05
30.592967621103476,22.39657817155102,15.531822988511252,29.738548374678096,25.868290078378205,1.439976203979516,1.1805945655416168,1.1152843759313387,0.5050191632381408,1.1012411113915361,1.3019443970501068e-12,76884.359700933,1.999999974737875e-05
16.682071948281457,25.613592557817068,8.297190810619401,37.462590030441675,38.552860328103534,1.0105185505085708,1.325513365175917,0.956100141696844,0.5699747999406225,1.517717480369633,1.9999999263268077e-12,14273.169835476583,1.999999974737875e-05
20.232824450714872,19.795877715707125,17.819732526831704,37.77164463515485,24.969375745559578,1.2883329378194732,1.0939563602718745,1.1738348485263157,0.5049848671568298,0.8731893359741818,1.6532834694502837e-12,20562.015854978934,1e-05
21.346218060560957,17.379084215625305,5.8937141370991455,32.71824323135823,35.8235739189976,1.2747397424875813,1.3098931331504398,1.1634207307328035,0.5395284394905299,1.3477202598091529,1.8553728103909217e-12,19045.71348238622,1e-05
4.56020705367709,11.765772602110971,7.502851099103935,36.35380998550193,33.14319652417137,0.9271674981239884,1.2596681119551882,0.5000000658410905,0.5009438643249549,1.5667595783969364,1.7813297260364774e-12,15583.17202979204,1.999999974737875e-05
14.14079741493171,7.141545013256245,17.255653538177434,23.9047888791911,34.44448120539002,0.7362154755956011,0.8169456651423515,0.9130700582545139,0.5516437442074906,0.8926384484801319,1.7589371177662833e-12,21364.565973400837,1e-05
1.8196301799442764,11.903541343191687,10.563183243567362,37.31739114791239,38.195609676319506,0.8192463011804985,1.0939218967558393,0.5843673986956497,0.5627485984888877,1.8633544563841888,1.9456605984461933e-12,11732.297002887877,1e-05
18.822254368698164,13.8702180536276,19.77298903868049,44.61854204907985,29.551443106807763,1.446974623430271,0.9395669122546407,0.81283120086906,0.5000000658410904,0.5735417452081456,1.9999999263268077e-12,9972.385173150062,1e-05
1.0000002010160856,35.902565973369605,11.641320505990645,46.44528325567672,30.243955843727342,0.8947133024127556,1.3605490882685043,0.506743497163223,0.5770135427782032,1.0654620015610994,1.9999999263268077e-12,13659.165801083604,1.999999974737875e-05
23.826982433661406,35.7278719885966,14.975937302396302,46.942159265329956,26.827669227777005,1.6183311884926133,1.301761626306562,1.010117924919853,0.5000000658410904,0.7626277089824243,1.9297640489282162e-12,16073.239817064808,1e-05
24.950879910930084,22.214281335512872,26.51780683816833,38.12564901878457,23.139774381075917,1.1807127025608817,1.1978698986526326,0.8818940358348988,0.5013973600956345,1.1889985781366403,1.624084741951281e-12,13001.630850551956,1e-05
22.721246742100004,0.9999994530056995,34.79427725844987,44.960709466467534,9.272899313388681,1.5338266975525083,1.7142290956988102,0.7559693537584324,1.7139205350038338,1.160795334693193,1.5707142137327753e-12,844.9317013713153,1e-05
21.4037877808699,8.908882240468817,2.2552790245810215,39.82559269021645,29.303165607443788,1.1679884241873848,1.4792755871865992,0.8299009197748082,0.5517651785852441,1.2299295670321944,1.3660734468276473e-12,36343.64564088626,1e-05
36.39191781020601,19.740661866101483,28.38002005012706,31.826065418417695,13.745768809226231,1.750989092446424,1.0919649653095105,1.0696437814912165,1.1887479302607562,1.2470638753192542,1.2081270894218297e-12,32336.58252236334,1e-05
18.86381134983234,8.550874923544963,11.31438016227365,27.89457514062975,29.549469173933673,0.9746879909436987,0.9491077714926761,1.0510787306142981,0.5000000658410904,0.9515051914700784,1.3241289159911446e-12,26101.56205436274,1.999999974737875e-05
28.172160903192196,17.294799781414916,14.10349181672012,37.62389757539352,35.28571304683817,1.5488830642629918,1.027126795475471,0.9649639096998948,0.5000000658410904,1.3609892119519413,1.2392989856695695e-12,46974.86019510415,1.999999974737875e-05
9.595889525562754,10.148931608575573,17.00435600302299,31.99370419723678,41.450302039821864,0.9699271926386673,1.026149991589897,0.5000000658410905,0.525277590262918,1.6004057928306112,1.9999999263268077e-12,17072.05057580136,1e-05
24.27512158564005,18.81810205219838,3.5058786863950218,44.56171482989508,38.22363260888574,1.5068142457995672,1.5115345793716388,1.1504366894420524,0.5381814195248958,1.3477267017268173,1.898047858528135e-12,14378.708252626435,1e-05
15.21266819313608,8.478176268337847,18.29664057763274,25.869409572694774,32.6265446795993,0.8271339192861265,0.8218184297216494,1.1085792067099036,0.5487664114090497,0.824033266654957,1.7916479407377093e-12,14826.03267278216,1e-05
5.825608486439972,27.613211136248985,25.398141720746796,38.787586539318525,31.871864440355505,0.9701368153503486,1.075170990945486,0.5230712851186136,0.5001306876882133,0.6468344743853318,1.9999999263268077e-12,19694.85247552213,1.975978218775708e-05
28.777410276019825,13.783369401517,19.625039934691966,30.010454147417896,28.895366759189862,1.382225874569812,1.2502398490954976,1.6272495440686696,0.5000000658410904,0.7410900454431689,1.7949957284168701e-12,500.00235053131473,1.999999974737875e-05
1.4027078800615946,12.951828361271852,5.782724694549948,44.196610444583484,34.991989136931124,0.7251180275521208,0.9741725902935554,0.5390423025243264,0.5104251615191987,1.2267339228676262,1.990520953346948e-12,9413.2938503213,1e-05
10.115813440286185,15.36601210982419,12.946670350009342,34.95392978250749,31.989408728044737,0.9501511474608235,1.2311142678081541,0.6221068978743121,0.5310234678456203,1.2265414001300772,1.6242000721222101e-12,16745.580689202972,1e-05
17.582090675659888,13.015596522634457,8.231187379913134,41.401818225309086,32.0016326088118,1.0827474572650067,1.4841891488088859,0.5000000658410905,0.5502394880196355,1.7244007371733365,1.5027570743049872e-12,32406.931194751363,1.999999974737875e-05
22.555766944407395,29.517609014446347,7.811825537993794,22.40838033716318,32.533073350726326,0.7270992560944606,1.0307883015543124,0.5000000658410905,0.7623750171849246,1.9999999858451813,1.9999999263268077e-12,21203.745039059224,1e-05
21.40800081640276,15.58937142570307,16.001098459855058,36.8471875215166,24.13417827002917,1.1789520972142082,1.1088172252391475,1.2626923840568551,0.5222219863196924,0.747088690686673,1.6003647548803698e-12,18432.21964279421,1e-05
6.242466703324453,1.418328710128666,2.661561262817134,25.550756454516492,38.505619164838336,0.693671367738525,1.1234295420675964,1.2070037635884252,0.5848588427093773,1.2228065735208267,1.8234703476681515e-12,23658.853783193175,1e-05
36.86293712213344,21.958803525083482,29.372877234113023,38.62478314181551,20.883919034286542,1.4248821702421581,1.2261419302711805,0.7370534385621452,0.5000000658410904,1.2991509436073292,8.751270222118605e-13,29822.741453910305,1.999999974737875e-05
13.777465365489602,9.645182949371884,12.17869389847065,28.049287948939696,38.51602173206075,1.0062996152136285,0.9733821832473988,0.5000000658410905,0.5000000658410904,1.6220812834454752,1.9999999263268077e-12,17463.75349027341,1e-05
23.443193362639885,10.781260491116264,4.986012239045014,26.81916814370477,40.20088263459012,1.1992446193954873,1.6368923095394503,0.5153730988274058,1.2611210860515871,1.3147450677646506,1.9999999263268077e-12,39542.08252907915,1.999999974737875e-05
10.943113142261884,12.82642284375343,0.999999643811254,46.82173217324507,38.26094845653328,0.9502574997404909,1.4153468633231014,0.5330015128813658,0.5000700846293908,1.9999999858451813,1.4883211332109951e-12,18799.830405456956,1.999999974737875e-05
16.14262970142261,7.7169534863474,15.62908609864946,18.51506802778531,29.869287616371476,0.5798860139588485,0.9754381259788274,0.9482373513348517,0.5815414814866616,0.7668019574863928,1.550041526465318e-12,17484.558480948985,1.999999974737875e-05
25.861314628757835,13.111908580695108,6.547699380416109,43.268714725137066,24.821981572854682,1.108609081472243,1.6345849086703275,0.946404394130609,1.172039204716694,1.6003496632534433,1.009920622421347e-12,57785.01615941334,1.999999974737875e-05
27.659723105294464,21.929615203898067,27.35601596372003,38.24194776019834,22.242826576775098,1.7270952422336703,1.3623534444799354,1.214810780019517,0.5000000658410904,1.2966150038891047,1.6516898281003096e-12,15321.753692379709,1e-05
7.407313479940939,5.30077216061466,6.172660800952446,18.98702974469361,32.162689426203976,0.5465840818579308,0.6192698412790146,0.6050562101551149,0.5000000658410904,1.1442260804089879,1.9999999263268077e-12,19253.003233129777,1e-05
1.0000002010160856,7.039359117019703,11.23046732064476,23.52481650792114,39.86396323844902,0.5000000141548187,0.6146317024910032,0.5833292717219232,0.5186900605949314,1.047499423977872,1.9836891979061817e-12,13229.208548917755,1e-05
2.3324712369721183,4.880260662148135,22.666423644145695,32.16674836657407,5.326124666931808,1.3275506441378182,1.637150871497917,1.5458366103317036,1.0590830279773402,1.8671998603292934,1.822014722241887e-12,62019.047481841844,1.999999974737875e-05
25.593015531300352,30.055977566556674,26.647140357427844,47.83916992995992,26.486787947675825,1.4061759685022395,1.5642643009642139,1.0341176349877104,0.7292727933067205,0.5812591483021783,1.9999999263268077e-12,1752.047785107672,1e-05
6.566205578248219,11.498990224999826,10.933275655212185,31.156585816066393,32.75257114488226,0.8624979498946581,0.9968600256054156,0.7006690625829707,0.5000000658410904,1.1411312847151411,1.53850342802604e-12,20616.658060574853,1.999999974737875e-05
6.723863244973263,6.245347062662365,10.300112210074284,21.205192307317073,36.827735748226566,0.6473691749531895,0.7582208608766776,0.5476471379667306,0.5385296303205027,1.224579096058484,1.7510278546341867e-12,22924.036304757035,1.999999974737875e-05
36.58865345787177,39.820416879905544,6.601810422626485,48.80426127947249,25.468820706044756,1.5544615794787147,1.721209755048196,0.7105270460213641,0.5118029965994881,1.5358747279962972,1.983586390795314e-12,20532.24650196158,1e-05
20.09502408145782,22.90932499263161,12.726785112148278,35.92248925013899,36.532047180653294,1.1609822501801506,1.1062277541853882,0.9659828342919887,0.7567612451400507,1.3560225933074492,1.9999999263268077e-12,21065.708240325785,1e-05
24.959998984813485,39.06736822758451,19.463969910582584,35.058601516690075,31.861923103924266,1.09806180030614,1.2298269267453161,1.4141004686900946,0.5000000658410904,0.9516193910470112,1.5269248099474023e-12,24764.408251495282,1.999999974737875e-05
5.8512383129298655,8.948945088503994,6.714862314286641,33.22654387811172,30.5028517696968,0.9030971550618271,1.0856919349501752,0.6367171997078773,0.5090146281783581,1.2189643388137312,1.41267135992044e-12,19208.506713408075,1.999999974737875e-05
14.641330320318778,10.437026253831377,18.82666554656328,33.62134608013827,35.28885312630127,1.3605132091676295,1.0316610301861644,0.9919055073781449,0.5440560928738526,1.8400264676433435,1.83590613970338e-12,15329.423735025084,1e-05
23.455345101173215,0.9999994530056995,27.154565656572434,45.039303279652295,11.61220876455542,1.726123090512794,1.5191392908317491,1.5039866601831373,0.5000000658410904,1.9999999858451813,1.9896499122322274e-12,33049.766371588106,1e-05
19.582107558267623,32.19661761565888,21.788251826693234,12.471404224627559,2.7500452981606607,0.6413870803730091,1.4036476550698556,1.5920508366908916,1.5702285140648358,1.0585402288029087,3.4723858668510364e-13,76477.62487252649,1.999999974737875e-05
33.91390162805131,39.74941308756571,14.35985862581368,40.911628862065555,32.00075525846772,1.4825435826399378,0.8312044313727317,1.1598947540371218,0.5441880272165998,0.935418260611437,1.3594242592441593e-12,89733.20315601944,1.999999974737875e-05
22.21780396267633,22.8966601087754,15.079136488471198,41.50380771204789,25.636749401758717,1.196969748556426,1.2064939727317985,1.1125121569128893,0.5000000658410904,1.1209868231984954,1.3377610372653246e-12,32606.80086406076,1e-05
20.414073935947634,16.00926063123623,26.68145935042758,26.2591991877893,25.618215691940293,1.012122523801825,1.10919404156348,1.0371985900692429,0.5044240891351274,0.8466872724353887,1.7062192311176632e-12,12410.260290215192,1e-05
23.939048630757156,13.01404584959319,19.43629253493147,42.152260636190434,34.39874262579916,1.4578196881258796,1.209089638231683,1.0997020569579883,0.5000000658410904,1.5545473005004802,1.975209447100831e-12,11067.427574076595,1e-05
22.124582172238235,1.746973581895908,37.811054288920445,20.301750066963276,5.797284989722556,1.1989789027761708,0.7003655756852778,1.4867233624390743,0.5000000658410904,0.8792632296645555,5.981547487121312e-13,100000.00037325411,1.999999974737875e-05
30.623592127064775,36.54572005466168,8.764371791533272,49.99388566209479,26.189993048064274,1.719014980114081,1.6012480186683635,0.8982631388699386,0.5134246134757187,1.3596241460569818,1.8233497722364637e-12,18650.692589644812,1e-05
11.701894628006212,14.874249756918278,4.0003791076993345,35.94546922171572,26.503868242961612,0.771738649392677,1.3352717183001237,0.7525791204960594,0.5000000658410904,1.484324690834194,1.8082310293232242e-12,14633.086586610683,1e-05
23.29336541565851,7.101603588232457,14.195018687568941,32.39578666472377,34.53967266372183,1.905208801079441,1.2471704482443877,1.0775269726004113,0.5000000658410904,1.2527242897892132,1.9190822720906556e-12,24238.493287233938,1.999999974737875e-05
1.0000002010160856,22.848242050572928,12.935322663936052,38.47133261719728,31.17602148221157,1.0649566641528279,1.0718305119479252,0.5000000658410905,0.6120290999513762,1.1588078782503872,1.9999999263268077e-12,10276.529757048535,1e-05
15.37197852665676,8.987451360990402,9.899938059066205,32.63359855125846,30.5730667796461,0.860942501434131,1.029613147010431,0.9163685880182734,0.6456245939241765,1.0966851703485738,1.4717996436565137e-12,22107.394195037352,1.999999974737875e-05
6.995438559363709,7.444632027557034,15.108098468055486,22.298097469495936,37.20664232397697,0.6899377663777339,0.6894493710987091,0.5491836138224686,0.547421959369637,0.883471378492711,1.9771956962185843e-12,18604.299104018854,1e-05
24.741924173046236,8.577851069241657,32.13727575651001,14.05086262256191,6.856675622591023,0.5898682897218357,0.9816108327006311,1.0368371544535964,0.7809651481412709,1.0647825112247866,1.0925216488471847e-12,47933.2936579147,1e-05
12.71215297623241,36.69333755111053,6.60929965934093,48.43187831511821,24.698373934223127,0.9177763093266649,1.8067131962730856,0.9382626413834438,0.6635721726749291,1.3188680377479425,1.9999999263268077e-12,12960.972776279123,1.999999974737875e-05
11.827113649682804,12.948666303683625,8.699924894375176,39.37514123180896,33.66733177509012,0.8297417331133963,0.8996482039249576,0.6025579032669363,0.5527891534322399,0.8201870922479391,1.985930038868005e-12,11618.177725528512,1e-05
16.115076541789428,10.460329353433584,12.741133720701493,31.076626004497808,30.383834831958616,1.132492665993392,0.99487269608265,0.8960837684184441,0.5361662822215096,0.940679916231392,1.2105981973309542e-12,20172.151696266064,1.999999974737875e-05
6.2480452969570734,7.367354712962165,6.644749162825342,31.35864100848677,31.30802371096257,0.8778795086038238,1.0052154026565192,0.5402101953697687,0.53755427487663,1.1652606751222718,1.4493704169096487e-12,21068.981704954793,1.999999974737875e-05
32.41170086898598,27.607811395907486,23.563022381981884,32.583324751480525,28.03692645594723,1.2289361955061218,1.1414749657253012,1.5196856771369887,0.5273643441753646,1.2290481336346608,1.1204255427493336e-12,23534.775434836458,1e-05
1.0000002010160856,12.411523786702174,5.921699699647256,39.548683737593684,32.85603355902866,0.5282058258046437,0.9171304786100638,0.5555368915540465,0.5000000658410904,1.14765572741106,1.9999999263268077e-12,8803.39876734549,1e-05
6.133810607090055,10.570739972260949,9.60024211159784,26.816701968536197,32.80282590750329,0.6143690356372895,0.7776147195257137,0.7066119857043865,0.5000000658410904,0.8292111131401165,1.962021222409785e-12,13519.324487852791,1e-05
1.2709717861077152,2.1189445451293807,2.8370836081701007,32.245907129707696,38.2831533041652,0.6020323424096421,0.983037359794005,0.5397450583335525,0.5377210188859323,1.4988930127260165,1.9999999263268077e-12,24300.08818104031,1e-05
28.725776454218323,21.58786803030824,19.22008488161556,7.400656327774154,12.289657299099058,0.7265578211187678,1.078316214724715,1.265008381557938,1.0023918623628876,1.1260071958292563,1.3845361090402382e-12,75520.46176052908,1.999999974737875e-05
8.79367831738164,16.71240779873824,3.173087429194407,37.93572296448277,28.690128332327294,0.9302648406224929,1.2893210637454733,0.5345560212856799,0.5000000658410904,1.7564624538787887,1.6861865312285116e-12,13595.994097170893,1.999999974737875e-05
25.300031528552356,26.680267757637658,12.458592526774595,34.05513826072528,30.85779373792284,1.3213897952598364,1.168933394111843,1.1513590100763271,0.5000000658410904,0.755086656059667,1.6768805862879255e-12,27103.706199936467,1.999999974737875e-05
21.59823203975141,17.36648236211702,16.204906544323386,36.6473773727363,37.470112192225585,1.5873488033208707,0.9770016797837222,1.3558385882036201,0.6085109268981559,0.9841958333818271,1.989881490494718e-12,11992.32172094455,1e-05
15.121350763901015,25.658260758276136,19.651456737399137,39.36727156334216,31.765161605860904,0.9332497242172765,0.9194021321401205,0.5000000658410905,0.5000000658410904,1.6806708598960043,1.9999999263268077e-12,11057.610604315756,1e-05
25.37080560070488,12.462226326110219,4.193701248936318,41.918140318127584,29.642734761832155,1.352353090097504,1.1951686137452133,0.7830928462106904,0.5104017648580713,1.1546713110411062,1.5626475272121619e-12,14113.311080591819,1e-05
19.197538318902904,13.885348709991112,11.247229989625069,29.29582619045907,34.84215152665395,1.0479834167375817,0.7266491990130964,0.6264466931882907,0.5000000658410904,0.5479856376851749,1.961751878269832e-12,10026.640452487532,1e-05
21.765113863828937,17.54399858868944,20.65538756986188,35.5296711186045,34.89126628190814,1.3489279731261261,1.3462152469202047,0.5220522749289789,0.5104641369327351,1.4928301623230675,1.2624919059914433e-12,29320.964867161707,1.999999974737875e-05
26.95129188419365,27.26258511575525,7.643198821761601,25.264057164996235,40.724746374878606,1.0025870731451354,1.2084146754054244,1.0832959900516188,0.5440479896399988,1.3288358459483347,1.7195084926440712e-12,28498.212404272082,1e-05
5.114715550691269,21.758514581368317,7.811709177414354,42.643569780825146,32.867431946295625,0.8327814336465325,1.0436558743540754,0.5487353109692586,0.5241774906697176,1.2392532824491096,1.9661309497798883e-12,15795.611666311772,1e-05
2.5917409293138256,39.18630712653116,14.695398690905431,44.55365038017725,24.773622641641506,1.4741784208261712,2.0000000000752487,1.6782075861339858,0.6514931613152293,0.6384711388516562,1.9506683144581648e-12,16627.571604502024,1.999999974737875e-05
17.100356855073194,6.0093361435691435,8.398129397321249,40.60476660043752,42.55098758451253,1.237355470676702,1.0963974071185367,0.7623985850411333,0.5000000658410904,1.5682425463663567,1.9469139535044546e-12,26233.091301289245,1.999999974737875e-05
9.744148914683626,13.482537145080455,1.3997420802057547,45.266308601194964,35.51134512619658,0.958537710994405,1.4714952630005327,0.5494442298014158,0.5000000658410904,1.9999999858451813,1.3814884158422274e-12,23380.68119637736,1.999999974737875e-05
2.0817431337323526,3.6855054501505187,8.964523792867869,22.005630469848533,39.25459304324257,0.5000000141548187,0.5061916216392134,0.6495325781777886,0.5000000658410904,0.994297873168899,1.9999999263268077e-12,16862.8364661441,1.999999974737875e-05
14.278489854928639,18.12840501285366,3.391782922290318,44.108810476858864,33.44247038118533,1.1290409609520973,1.4639283387316382,0.6327795416401525,0.5315450421936776,1.9760148216278837,1.5352856244650528e-12,17769.254028139545,1.999999974737875e-05
25.811504221214275,10.171452204326613,16.57307984960004,38.81662833952569,33.00398661570755,1.5345867724978313,1.2517986297143429,1.0350310035458525,0.5000000658410904,1.621063474722327,1.9500182299528986e-12,23848.767805631396,1e-05
8.743487838634952,3.9077045016983583,4.39568972376383,33.69608727195532,31.445253362546943,0.7739885123221345,0.8441952654481819,0.5000000658410905,0.5630488746616972,1.4935191835586046,1.9999999263268077e-12,15496.164983533592,1e-05
13.779432544894819,6.386128612213142,1.36382376163316,38.35601874375406,43.05368867325297,0.8271108910356055,1.2060699473816716,1.1311154841567617,0.522316942524853,1.7552320547388116,1.7240657063226405e-12,20773.7124561174,1.999999974737875e-05
26.133460866800405,16.65767721957047,9.584661598649243,37.48716366679953,31.244913088638494,1.42409264653037,1.0731362170293708,1.1796375985416911,0.5000000658410904,0.5571920868370555,1.4607163748907639e-12,19211.85893293924,1.999999974737875e-05
22.567840476387005,7.130633806538466,18.188819852891793,40.70900745488299,35.74451794955029,1.7261553928419016,1.1610975303149802,1.0308327009666671,0.5254612825852808,1.4077744486874078,1.870640125315148e-12,24452.72374174632,1e-05
16.48401838316591,19.825803850329798,12.876144877364371,41.0514615632895,32.92390025498636,1.169950013084841,0.9247604671191868,0.7939785707878708,0.5000000658410904,0.6331471899592264,1.9818302119275833e-12,11409.648441107449,1e-05
18.912662409596955,14.090663217233168,16.553623180247897,50.00000061288459,34.443023311353585,1.8520602837321691,1.0778596444607493,1.9509628371096235,0.5000000658410904,1.2193801421271568,1.6425681885096278e-12,3456.9373312434836,1e-05
29.879297193301287,30.451078770244195,16.784751548299276,32.01299681638607,34.42478150708272,1.3947452243421736,1.0661239613687195,1.0966680521275354,0.6143596927247912,0.8775410760744828,1.9999999263268077e-12,18004.96402618515,1e-05
